GP022552158
TEST NBR 00123
LMG6 GPS
EDWARDS AFB, CA
2132Z  12 SEP 17

  ALT  DIR   SPD  SHR  TEMP  DPT   PRESS   RH ABHUM DENSITY I/R V/S  VPS  PW
GEOMFT DEG   KTS /SEC DEG C DEG C   MBS   PCT  G/M3   G/M3   N  KTS  MBS  MM

  2372 234   6.0 .000  34.7  11.2  928.40  24  9.34 1044.90 286 686 13.28  0
  2400 252   4.1 .151  34.0  10.8  927.61  24  9.17 1046.65 286 685 13.00  0
  2500 252   5.2 .018  32.2  10.7  924.43  27  9.11 1049.11 286 683 12.84  0
  2600 252   4.5 .012  31.7  10.4  921.30  27  8.97 1047.36 285 682 12.63  1
  2700 227   2.8 .038  31.5  10.2  918.22  27  8.88 1044.57 284 682 12.48  1
  2800 233   2.7 .006  31.2  10.5  915.05  28  9.06 1041.87 285 682 12.73  1
  2900 215   3.9 .027  30.9  10.3  911.98  28  8.90 1039.58 283 681 12.49  1
  3000 212   5.2 .022  30.6  10.0  908.84  28  8.77 1036.99 282 681 12.30  2
  3100 228   5.4 .025  30.3   9.8  905.82  28  8.63 1034.64 281 681 12.09  2
  3200 245   5.7 .029  30.0   9.5  902.65  28  8.49 1032.11 279 680 11.88  2
  3300 250   7.8 .035  29.7   9.8  899.59  29  8.66 1029.53 280 680 12.10  3
  3400 254   9.1 .024  29.5   9.6  896.57  29  8.56 1026.82 279 680 11.95  3
  3500 255   9.8 .013  29.1   9.3  893.45  29  8.38 1024.64 277 679 11.69  3
  3600 244   9.8 .032  28.9   9.1  890.44  29  8.28 1021.97 276 679 11.55  3
  3700 247   8.1 .031  28.5   9.2  887.40  30  8.39 1019.73 276 679 11.68  4
  3800 267   7.5 .048  28.3   9.1  884.36  30  8.30 1016.95 275 678 11.54  4
  3900 265   9.4 .032  27.9   9.1  881.29  31  8.32 1014.63 275 678 11.56  4
  4000 260  10.2 .021  27.7   8.6  878.31  30  8.03 1012.13 272 678 11.15  4
  4100 251   9.0 .033  27.4   8.8  875.27  31  8.16 1009.59 273 677 11.31  5
  4200 242   9.2 .024  27.1   8.5  872.24  31  8.03 1007.13 271 677 11.12  5
  4300 249   8.7 .019  26.8   8.3  869.22  31  7.90 1004.66 270 677 10.94  5
  4400 261   7.3 .037  26.5   8.5  866.21  32  8.01 1002.16 270 676 11.08  5
  4500 268   7.2 .015  26.2   8.2  863.27  32  7.88  999.83 269 676 10.89  6
  4600 264   9.1 .034  25.8   7.9  860.30  32  7.73  997.64 268 676 10.66  6
  4700 264  10.6 .025  25.6   8.1  857.31  33  7.86  994.91 268 675 10.84  6
  4800 267   9.7 .019  25.3   7.9  854.36  33  7.73  992.55 267 675 10.64  6
  4900 271   7.3 .041  25.0   7.6  851.39  33  7.60  990.16 265 675 10.46  7
  5000 265   4.8 .043  24.7   7.8  848.45  34  7.70  987.66 266 674 10.58  7
  5100 255   3.2 .029  24.4   7.5  845.47  34  7.57  985.25 264 674 10.39  7
  5200 246   3.0 .009  24.1   7.3  842.56  34  7.45  982.89 263 674 10.22  7
  5300 242   3.8 .014  23.9   7.5  839.65  35  7.55  980.27 263 673 10.35  7
  5400 230   4.2 .015  23.6   7.2  836.75  35  7.44  977.79 262 673 10.19  8
  5500 224   5.0 .015  23.2   7.3  833.76  36  7.49  975.49 262 673 10.25  8
  5600 217   5.4 .013  23.0   7.1  830.91  36  7.40  972.91 261 672 10.12  8
  5700 218   6.0 .011  22.8   7.0  828.00  36  7.32  970.19 260 672 10.00  8
  5800 219   5.9 .003  22.5   6.8  825.09  36  7.26  967.92 259 672  9.90  9
  5900 219   5.9 .000  22.2   6.8  822.22  37  7.27  965.39 258 671  9.91  9
  6000 217   6.7 .014  21.9   7.0  819.29  38  7.34  962.88 258 671  9.99  9
  6100 222   7.5 .017  21.5   6.6  816.46  38  7.18  960.83 257 671  9.77  9
  6200 228   7.5 .013  21.2   6.7  813.58  39  7.23  958.49 257 670  9.82  9
  6300 223   6.5 .020  21.0   6.5  810.77  39  7.15  955.85 256 670  9.70 10
  6400 203   5.7 .038  20.7   6.6  807.86  40  7.19  953.37 255 670  9.74 10
  6500 191   6.3 .023  20.4   6.4  805.04  40  7.08  951.06 254 669  9.59 10
  6600 187   5.7 .012  20.1   6.4  802.22  41  7.13  948.66 254 669  9.65 10
  6700 190   4.1 .027  19.9   6.2  799.38  41  7.03  946.11 253 669  9.51 11
  6800 186   4.1 .005  19.5   5.9  796.57  41  6.90  943.92 252 668  9.32 11
  6900 190   6.4 .039  19.2   6.0  793.73  42  6.93  941.60 251 668  9.35 11
  7000 195   8.6 .039  19.0   6.1  790.96  43  7.01  938.89 251 668  9.45 11
  7100 200   9.9 .026  18.7   5.8  788.16  43  6.87  936.73 250 667  9.25 11
  7200 205  10.2 .014  18.4   5.9  785.37  44  6.92  934.21 250 667  9.32 12
  7300 204  10.2 .003  18.1   5.7  782.60  44  6.80  931.93 249 667  9.14 12
  7400 198  10.4 .019  17.8   5.7  779.82  45  6.83  929.55 248 666  9.17 12
  7500 195   8.7 .030  17.6   5.8  777.06  46  6.88  927.01 248 666  9.23 12
  7600 184   6.4 .044  17.3   5.6  774.24  46  6.77  924.59 247 666  9.07 12
  7700 168   5.9 .031  17.0   5.6  771.48  47  6.80  922.14 247 665  9.11 13
  7800 164   7.5 .028  16.8   5.5  768.76  47  6.76  919.65 246 665  9.05 13
  7900 169  10.0 .045  16.4   5.4  766.02  48  6.70  917.54 245 665  8.96 13
  8000 173  10.5 .015  16.2   5.5  763.27  49  6.76  914.84 245 665  9.03 13
  8100 170   9.3 .023  15.8   5.4  760.58  50  6.74  912.81 244 664  8.99 13
  8200 164   8.9 .018  15.5   5.1  757.78  50  6.62  910.54 243 664  8.81 14
  8300 154   9.2 .028  15.3   5.5  755.15  52  6.79  907.88 244 664  9.04 14
  8400 152   9.9 .013  15.0   5.3  752.40  52  6.69  905.44 243 663  8.89 14
  8500 148  11.0 .021  14.9   5.1  749.68  52  6.63  902.63 242 663  8.81 14
  8600 147  11.9 .017  14.7   5.0  747.04  52  6.55  900.10 241 663  8.70 15
  8700 143  12.7 .020  14.4   4.9  744.37  53  6.55  897.83 240 662  8.70 15
  8800 144  12.5 .005  14.2   4.7  741.66  53  6.47  895.29 239 662  8.57 15
  8900 145  11.1 .023  13.9   4.5  739.04  53  6.36  893.06 238 662  8.43 15
  9000 150  10.2 .022  13.6   4.5  736.36  54  6.36  890.71 237 662  8.41 15
  9100 153  11.6 .025  13.4   4.5  733.71  55  6.36  888.12 237 661  8.41 16
  9200 150  14.2 .046  13.1   4.3  731.02  55  6.27  885.88 236 661  8.29 16
  9300 146  16.2 .039  12.8   4.3  728.38  56  6.28  883.55 235 661  8.28 16
  9400 141  16.5 .023  12.5   4.2  725.78  57  6.28  881.26 235 660  8.27 16
  9500 137  14.6 .035  12.3   4.3  723.12  58  6.30  878.67 235 660  8.30 16
  9600 135  12.6 .035  12.0   4.2  720.56  59  6.29  876.47 234 660  8.28 16
  9700 137  12.4 .009  11.7   4.0  717.94  59  6.17  874.27 233 659  8.12 17
  9800 139  14.3 .033  11.4   3.9  715.33  60  6.16  872.00 232 659  8.09 17
  9900 140  16.0 .030  11.1   3.9  712.74  61  6.15  869.77 232 659  8.06 17
 10000 142  15.2 .017  10.8   3.8  710.10  62  6.13  867.46 231 658  8.03 17
 10100 147  13.0 .041  10.5   3.6  707.52  62  6.03  865.18 230 658  7.89 17
 10200 153  12.0 .030  10.3   3.3  704.92  62  5.94  862.74 229 658  7.77 18
 10300 155  13.1 .020  10.0   3.5  702.39  64  6.02  860.50 229 657  7.86 18
 10400 153  13.9 .016   9.7   3.4  699.84  65  5.99  858.29 228 657  7.83 18
 10500 155  14.2 .009   9.5   3.2  697.29  65  5.91  855.92 227 657  7.70 18
 10600 151  15.5 .028   9.2   3.2  694.71  66  5.90  853.56 227 656  7.68 18
 10700 143  17.0 .047   8.9   3.1  692.13  67  5.87  851.29 226 656  7.64 19
 10800 139  15.9 .027   8.6   2.9  689.64  67  5.77  849.08 225 656  7.51 19
 10900 148  13.7 .053   8.3   2.8  687.09  68  5.75  846.81 225 655  7.47 19
 11000 153  14.5 .028   8.0   2.8  684.56  69  5.75  844.72 224 655  7.46 19
 11100 156  14.5 .011   7.7   2.9  682.09  72  5.83  842.52 224 655  7.55 19
 11200 158  14.1 .010   7.4   2.9  679.58  73  5.81  840.32 224 654  7.52 19
 11300 164  16.7 .051   7.1   2.8  677.07  74  5.79  838.11 223 654  7.49 20
 11400 166  19.3 .046   7.0   2.7  674.54  74  5.74  835.30 222 654  7.42 20
 11500 165  19.3 .005   6.9   2.5  672.07  74  5.66  832.57 221 654  7.32 20
 11600 163  19.1 .014   6.6   2.3  669.56  74  5.59  830.39 220 653  7.21 20
 11700 162  20.8 .029   6.2   2.1  667.15  75  5.53  828.50 219 653  7.13 20
 11800 164  22.6 .034   6.0   2.1  664.64  76  5.51  826.13 219 653  7.10 20
 11900 170  24.1 .046   5.8   2.1  662.16  77  5.52  823.58 218 652  7.10 21
 12000 174  25.8 .042   5.6   1.9  659.69  77  5.44  821.14 217 652  7.00 21
 12100 176  27.3 .030   5.4   1.9  657.26  78  5.44  818.68 217 652  7.00 21
 12200 177  27.7 .010   5.3   1.5  654.86  76  5.28  815.98 215 652  6.79 21
 12300 179  27.7 .016   5.1   1.4  652.38  77  5.27  813.57 215 652  6.77 21
 12400 183  28.3 .034   5.0   1.3  650.01  77  5.23  810.91 214 651  6.72 21
 12500 186  30.0 .039   4.7   1.2  647.54  78  5.20  808.71 213 651  6.66 22
 12600 186  32.3 .039   4.4   1.1  645.17  79  5.18  806.64 213 651  6.64 22
 12700 186  33.7 .024   4.2   0.9  642.73  79  5.09  804.16 211 650  6.51 22
 12800 186  33.3 .007   4.0   0.7  640.35  79  5.02  801.84 211 650  6.43 22
 12900 186  33.3 .000   3.8   0.7  638.02  80  5.02  799.48 210 650  6.42 22
 13000 186  32.1 .020   3.6   0.8  635.57  82  5.08  796.97 210 650  6.48 22
 13100 187  30.8 .024   3.3   1.0  633.20  85  5.14  794.79 210 649  6.55 23
 13200 187  29.6 .019   3.1   0.7  630.89  84  5.03  792.53 209 649  6.41 23
 13300 187  30.9 .021   2.9   0.3  628.48  83  4.90  790.14 207 649  6.25 23
 13400 188  30.7 .010   2.9   0.6  626.11  84  5.00  786.98 207 649  6.36 23
 13500 189  29.1 .028   2.7   0.3  623.77  84  4.89  784.78 206 649  6.22 23
 13600 189  28.8 .005   2.5   0.1  621.47  84  4.83  782.47 205 648  6.14 23
 13700 190  29.6 .017   2.3  -0.2  619.10  84  4.75  780.10 204 648  6.04 23
 13800 186  30.1 .034   2.0  -0.2  616.77  85  4.73  777.94 204 648  6.01 24
 13900 179  30.2 .064   2.0  -1.1  614.45  80  4.45  775.25 201 648  5.65 24
 14000 184  30.0 .041   2.0  -1.1  612.22  80  4.45  772.43 200 648  5.65 24
 14100 188  30.6 .041   1.9  -1.0  609.89  81  4.47  769.74 200 648  5.68 24
 14200 186  30.0 .020   1.8  -1.4  607.61  79  4.33  767.21 199 647  5.50 24
 14300 186  30.4 .007   1.5  -1.7  605.35  79  4.24  765.24 198 647  5.38 24
 14400 186  31.2 .013   1.3  -1.7  603.00  80  4.25  762.95 197 647  5.38 24
 14500 185  31.8 .013   1.1  -2.0  600.74  80  4.18  760.54 196 647  5.29 25
 14600 185  32.1 .007   0.6  -1.8  598.47  84  4.24  758.97 196 646  5.36 25
 14700 187  33.5 .032   0.3  -1.9  596.27  85  4.21  757.07 196 646  5.31 25
 14800 188  34.3 .016   0.1  -2.1  593.98  85  4.15  754.68 195 645  5.24 25
 14900 187  34.1 .013  -0.2  -2.3  591.73  86  4.10  752.81 194 645  5.17 25
 15000 184  34.3 .032  -0.5  -2.3  589.46  87  4.10  750.67 194 645  5.15 25
 15100 180  34.7 .036  -0.8  -2.8  587.24  86  3.95  748.71 192 644  4.97 25
 15200 179  33.6 .020  -0.7  -4.7  584.99  74  3.42  745.85 188 644  4.30 25
 15300 182  32.5 .035  -0.3  -4.9  582.79  71  3.37  742.04 187 645  4.24 25
 15400 184  33.3 .026  -0.5  -5.1  580.61  71  3.32  739.93 186 644  4.17 26
 15500 187  34.8 .036  -0.8  -5.8  578.39  69  3.16  737.90 185 644  3.98 26
 15600 185  34.3 .022  -0.9  -6.7  576.23  65  2.94  735.55 183 644  3.70 26
 15700 184  34.5 .011  -1.1  -7.8  574.02  60  2.71  733.40 181 644  3.41 26
 15800 185  34.3 .011  -1.3  -8.2  571.84  59  2.62  731.30 180 643  3.29 26
 15900 185  33.8 .009  -1.6  -8.3  569.61  60  2.61  729.09 179 643  3.27 26
 16000 186  33.1 .014  -1.8  -8.8  567.52  59  2.52  727.12 178 643  3.15 26
 16100 186  33.4 .005  -2.1  -8.8  565.27  60  2.51  724.98 178 642  3.14 26
 16200 185  34.9 .026  -2.4  -9.3  563.13  59  2.42  723.07 177 642  3.02 26
 16300 186  36.2 .025  -2.7 -10.0  561.02  57  2.29  721.23 176 642  2.86 26
 16400 186  36.8 .010  -2.9 -10.2  558.88  57  2.26  719.06 175 641  2.81 26
 16500 185  36.4 .013  -3.2 -10.5  556.67  57  2.21  716.97 174 641  2.76 26
 16600 185  36.4 .000  -3.5 -10.1  554.60  60  2.28  715.02 174 641  2.84 27
 16700 184  36.9 .014  -3.7 -10.3  552.45  60  2.24  712.88 173 640  2.79 27
 16800 185  37.4 .013  -4.0 -10.4  550.32  61  2.23  710.93 173 640  2.77 27
 16900 186  37.6 .012  -4.2 -11.2  548.25  58  2.09  708.86 172 640  2.59 27
 17000 186  36.5 .019  -4.3 -13.3  546.11  49  1.76  706.56 169 640  2.19 27
 17100 185  33.6 .050  -4.5 -14.0  544.00  47  1.66  704.46 168 639  2.06 27
 17200 185  31.0 .045  -4.8 -14.6  541.94  46  1.59  702.56 167 639  1.97 27
 17300 186  29.8 .023  -4.8 -16.8  539.80  38  1.33  700.01 165 639  1.64 27
 17400 189  28.8 .027  -4.9 -21.6  537.71  25  0.87  697.67 161 639  1.08 27
 17500 192  28.1 .034  -5.0 -23.2  535.68  22  0.76  695.55 160 638  0.94 27
 17600 195  27.4 .025  -5.1 -28.7  533.55  14  0.46  693.01 157 638  0.57 27
 17700 194  26.3 .019  -5.3 -32.0  531.51  10  0.33  691.01 156 638  0.41 27
 17800 194  26.3 .002  -5.5 -32.2  529.45  10  0.33  688.91 156 638  0.41 27
 17900 193  27.6 .022  -5.7 -31.4  527.40  11  0.36  686.83 155 638  0.44 27
 18000 192  28.5 .016  -6.0 -31.6  525.38  11  0.35  684.97 155 637  0.43 27
 18100 193  28.6 .006  -6.4 -31.9  523.31  11  0.34  683.13 154 637  0.42 27
 18200 195  28.1 .018  -6.6 -32.1  521.32  11  0.33  681.12 154 637  0.41 27
 18300 196  27.3 .017  -6.8 -32.3  519.28  11  0.33  679.04 153 636  0.40 27
 18400 198  27.1 .016  -7.1 -32.5  517.22  11  0.32  677.05 153 636  0.39 27
 18500 198  27.4 .004  -7.4 -32.7  515.19  11  0.31  675.17 152 636  0.39 27
 18600 197  28.3 .018  -7.7 -33.0  513.21  11  0.31  673.33 152 635  0.38 27
 18700 196  28.9 .012  -8.0 -33.2  511.16  11  0.30  671.40 152 635  0.37 27
 18800 197  28.7 .009  -8.3 -33.4  509.21  11  0.29  669.53 151 634  0.36 27
 18900 200  27.0 .036  -8.6 -33.7  507.20  11  0.29  667.66 151 634  0.35 27
 19000 202  25.8 .027  -8.8 -33.8  505.18  11  0.28  665.57 150 634  0.35 27
 19100 201  25.9 .008  -9.1 -34.1  503.24  11  0.28  663.81 150 633  0.34 27
 19200 198  26.1 .020  -9.4 -34.3  501.25  11  0.27  661.89 149 633  0.33 27
 19300 193  26.8 .041  -9.7 -34.6  499.28  11  0.26  660.05 149 633  0.32 27
 19400 191  26.5 .020  -9.9 -34.8  497.32  11  0.26  657.96 148 633  0.32 27
 19500 190  26.3 .009 -10.2 -35.0  495.39  11  0.25  656.24 148 632  0.31 27
 19600 191  26.7 .010 -10.4 -35.1  493.45  11  0.25  654.09 147 632  0.30 27
 19700 192  27.6 .018 -10.7 -35.3  491.49  11  0.25  652.23 147 632  0.30 27
 19800 193  28.5 .017 -10.9 -35.5  489.56  11  0.24  650.12 146 631  0.29 27
 19900 193  28.2 .005 -11.1 -34.8  487.57  12  0.26  648.12 146 631  0.31 27
 20000 191  28.3 .017 -11.4 -35.0  485.72  12  0.25  646.28 146 631  0.31 27
 20100 190  28.7 .011 -11.6 -35.3  483.77  12  0.25  644.21 145 630  0.30 27
 20200 192  29.6 .024 -11.8 -36.2  481.84  11  0.23  642.17 145 630  0.27 27
 20300 193  29.8 .009 -12.1 -36.5  479.90  11  0.22  640.28 144 630  0.27 27
 20400 195  29.6 .018 -12.3 -36.6  478.00  11  0.22  638.24 144 630  0.26 27
 20500 197  29.1 .019 -12.5 -36.8  476.12  11  0.21  636.22 143 629  0.26 27
 20600 197  29.2 .002 -12.7 -37.2  474.20  11  0.20  634.14 143 629  0.25 27
 20700 196  30.2 .018 -12.9 -38.0  472.34  10  0.19  632.15 142 629  0.23 27
 20800 196  31.4 .020 -13.2 -37.3  470.49  11  0.20  630.40 142 629  0.24 27
 20900 197  32.4 .019 -13.4 -37.5  468.59  11  0.20  628.34 141 628  0.24 27
 21000 197  33.2 .014 -13.6 -37.7  466.74  11  0.20  626.41 141 628  0.23 27
 21100 196  34.3 .020 -13.9 -37.9  464.83  11  0.19  624.47 140 628  0.23 27
 21200 193  35.6 .037 -14.1 -38.1  463.03  11  0.19  622.56 140 627  0.23 27
 21300 192  36.5 .019 -14.3 -38.2  461.16  11  0.19  620.52 139 627  0.22 27
 21400 194  36.8 .018 -14.5 -38.3  459.26  11  0.18  618.36 139 627  0.22 27
 21500 196  36.3 .026 -14.4 -39.2  457.42  10  0.17  615.78 138 627  0.20 27
 21600 197  35.7 .015 -14.4 -40.2  455.59   9  0.15  613.28 138 627  0.18 27
 21700 198  34.4 .025 -14.6 -41.5  453.79   8  0.13  611.42 137 627  0.16 27
 21800 197  33.3 .021 -14.7 -41.6  451.99   8  0.13  609.16 137 627  0.16 27
 21900 197  32.6 .013 -14.9 -42.9  450.12   7  0.11  607.12 136 626  0.14 27
 22000 200  32.0 .027 -15.2 -43.2  448.30   7  0.11  605.37 136 626  0.13 27
 22100 203  32.5 .033 -15.5 -43.4  446.56   7  0.11  603.72 135 626  0.13 27
 22200 204  32.9 .012 -15.8 -43.6  444.75   7  0.11  601.98 135 625  0.12 27
 22300 201  32.7 .025 -16.1 -42.6  442.93   8  0.12  600.20 134 625  0.14 27
 22400 199  31.7 .026 -16.4 -42.9  441.14   8  0.11  598.49 134 625  0.14 27
 22500 198  30.4 .025 -16.7 -43.1  439.41   8  0.11  596.83 134 624  0.13 27
 22600 197  30.0 .011 -17.0 -43.3  437.62   8  0.11  595.01 133 624  0.13 27
 22700 198  30.0 .005 -17.1 -43.4  435.83   8  0.11  592.90 133 624  0.13 27
 22800 198  29.8 .005 -17.3 -43.6  434.09   8  0.11  590.94 132 624  0.13 27
 22900 199  30.0 .009 -17.5 -44.9  432.32   7  0.09  589.04 132 623  0.11 27
 23000 199  30.7 .011 -17.7 -41.8  430.59  10  0.13  587.22 132 623  0.15 27
 23100 198  31.4 .015 -17.9 -38.8  428.85  14  0.18  585.23 132 623  0.21 27
 23200 199  31.8 .011 -18.1 -41.2  427.08  11  0.14  583.26 131 623  0.16 27
 23300 201  31.4 .017 -18.3 -39.8  425.37  13  0.16  581.36 131 622  0.19 27
 23400 203  31.4 .022 -18.6 -40.1  423.63  13  0.16  579.66 130 622  0.18 27
 23500 205  31.8 .020 -18.6 -41.7  421.89  11  0.13  577.39 130 622  0.15 27
 23600 205  32.7 .015 -18.8 -42.7  420.16  10  0.12  575.39 129 622  0.14 27
 23700 205  33.3 .010 -19.0 -43.8  418.45   9  0.10  573.51 128 621  0.12 27
 23800 204  33.7 .012 -19.3 -44.0  416.78   9  0.10  571.81 128 621  0.12 27
 23900 203  34.0 .011 -19.4 -44.2  415.08   9  0.10  569.88 128 621  0.12 27
 24000 202  34.1 .010 -19.7 -44.4  413.34   9  0.10  568.14 127 621  0.11 27
 24100 203  34.1 .010 -20.0 -44.6  411.63   9  0.10  566.39 127 620  0.11 27
 24200 203  34.1 .000 -20.2 -44.8  409.97   9  0.09  564.56 126 620  0.11 27
 24300 204  33.9 .011 -20.2 -47.0  408.27   7  0.07  562.23 126 620  0.09 27
 24400 204  33.3 .010 -20.4 -47.2  406.67   7  0.07  560.46 125 620  0.08 27
 24500 204  32.6 .013 -20.6 -47.3  405.01   7  0.07  558.62 125 619  0.08 27
 24600 204  32.6 .000 -20.8 -46.3  403.32   8  0.08  556.73 125 619  0.09 27
 24700 205  32.7 .010 -21.0 -46.5  401.62   8  0.08  554.91 124 619  0.09 27
 24800 206  32.4 .012 -21.2 -45.6  399.97   9  0.09  553.01 124 619  0.10 27
 24900 205  31.7 .014 -21.5 -45.8  398.35   9  0.08  551.45 123 618  0.10 27
 25000 204  31.2 .013 -21.8 -46.0  396.71   9  0.08  549.78 123 618  0.10 27
 25100 203  31.2 .009 -22.1 -46.3  395.10   9  0.08  548.21 123 618  0.09 27
 25200 203  31.6 .007 -22.3 -46.4  393.48   9  0.08  546.40 122 617  0.09 27
 25300 203  31.8 .003 -22.5 -46.6  391.81   9  0.08  544.51 122 617  0.09 27
 25400 205  32.4 .022 -22.6 -47.4  390.23   8  0.07  542.61 121 617  0.08 27
 25500 206  33.1 .015 -22.9 -46.9  388.61   9  0.08  540.92 121 617  0.09 27
 25600 207  33.3 .010 -23.1 -47.0  387.03   9  0.07  539.16 121 616  0.09 27
 25700 206  33.4 .010 -23.2 -47.1  385.34   9  0.07  537.01 120 616  0.08 27
 25800 204  33.7 .021 -23.4 -47.3  383.81   9  0.07  535.31 120 616  0.08 27
TERMINATION       25794 GEOPFT   7862 GEOPM  383.0 MBS
TROPOPAUSE  999999  FEET  9999.99 MB  999.9 C  999.9 C

MANDATORY LEVELS
GEOPFT DIR KTS  TEMP   DPT PRESS   RH

  2480 252  05  32.3  10.4  925.0  26 
  4941 271  06  24.9   7.7  850.0  33 
 10377 153  13   9.7   3.4  700.0  65 
 19229 195  27  -9.6 -34.5  500.0  11 
 24747 206  32 -21.2 -45.5  400.0   9 
SIGNIFICANT LEVELS
GEOMFT DIR KTS  TEMP   DPT PRESS   IR  RH

  2372 234  06  34.7  11.2  928.4 286  24 
  2474 252  04  32.4  10.4  925.3 286  26 
  5025 262  04  24.7   7.8  847.7 265  34 
  9853 140  15  11.2   4.0  713.9 232  61 
 11361 167  18   6.9   2.8  675.5 223  75 
 13107 187  30   3.3   1.0  633.0 210  85 
 14184 187  30   1.9  -1.3  608.0 199  79 
 14856 188  34  -0.1  -2.2  592.7 195  86 
 14989 184  34  -0.5  -2.4  589.7 194  87 
 15012 183  34  -0.5  -2.2  589.2 194  88 
 15122 180  34  -1.2  -4.2  586.8 190  80 
 15311 182  32  -0.3  -4.9  582.6 187  71 
 15706 184  34  -1.1  -7.9  573.9 181  60 
 16825 185  37  -4.1 -10.3  549.8 173  62 
 17261 185  30  -5.0 -14.8  540.6 166  46 
 17389 188  29  -4.8 -21.3  538.0 161  26 
 17630 195  26  -5.1 -30.9  532.9 157  11 
 17859 193  27  -5.6 -32.3  528.2 155  10 
 21138 195  34 -14.0 -38.0  464.1 140  11 
 21901 197  32 -14.9 -42.9  450.1 136   7 
 25813 204  33 -23.5 -47.4  383.6 120   9 
 25848 203  34 -23.5 -47.4  383.0 120   9 
TERMINATION
999 999
NNNN